x = 1.000000
y = 0.000000
z = 0.000000
