x = 0.666667
y = 0.666667
