x = 1.000000
y = 0.000000
