x_2 = 3.333333
x_1 = 1.333333
